 
===> 170/2/0rir.raku <===
[[5 6 10 12] [7 8 14 16] [15 18 20 24] [21 24 28 32]]
 
===> 170/2/2colours.raku <===
A ⊗ B = [  5  6 14 16 ]
        [ 15 18 28 32 ]
 
===> 170/2/arne-sommer.raku <===
[5 6 10 12]
[7 8 14 16]
[15 18 20 24]
[21 24 28 32]
 
===> 170/2/athanasius.raku <===
A = [ 1 2 ]
    [ 3 4 ]

B = [ 5 6 ]
    [ 7 8 ]

A x B = [  5  6 10 12 ]
        [  7  8 14 16 ]
        [ 15 18 20 24 ]
        [ 21 24 28 32 ]
 
===> 170/2/habere-et-dispetire.raku <===
5 6 10 12
7 8 14 16
15 18 20 24
21 24 28 32
 
===> 170/2/jaldhar-h-vyas.raku <===
 5  6 10 12 
 7  8 14 16 
15 18 20 24 
21 24 28 32 
 
===> 170/2/laurent-rosenfeld.raku <===
test 1:
   5    6   10   12 
   7    8   14   16 
  15   18   20   24 
  21   24   28   32 

test 2:
   5    6   10   12   15   18 
   7    8   14   16   21   24 
   9   10   18   20   27   30 
  10   12   15   18   20   24 
  14   16   21   24   28   32 
  18   20   27   30   36   40 

Test 3:
   5   10   15    6   12   18 
  10   15   20   12   18   24 
   7   14   21    8   16   24 
  14   21   28   16   24   32 
   9   18   27   10   20   30 
  18   27   36   20   30   40 
 
===> 170/2/luca-ferrari.raku <===
5 6 10 12
7 8 14 16
15 18 20 24
21 24 28 32
 
===> 170/2/mark-anderson.raku <===
((5 6 10 12) (7 8 14 16) (15 18 20 24) (21 24 28 32))
 
===> 170/2/polettix.raku <===
(5 6 10 12)
(7 8 14 16)
(15 18 20 24)
(21 24 28 32)
 
===> 170/2/rick-bychowski.raku <===
[  5  6 10 12 ]
[  7  8 14 16 ]
[ 15 18 20 24 ]
[ 21 24 28 32 ]
 
===> 170/2/roger-bell-west.raku <===
1..1
ok 1 - example 1
 
===> 170/2/steve-g-lynn.raku <===
   5   6  10  12
   7   8  14  16
  15  18  20  24
  21  24  28  32
 
===> 170/2/wambash.raku <===
ok 1 - 
ok 2 - 
ok 3 - 
1..3
